-660249848
1546630393
-2093226418
774661279
-1763192386
523285066
2073881780
1312091005
108192502
537506716
820296862
2114982774
-103534427
-427593175
1041882612
176768317
-1911620267
431560428
73864202
-153426554
789576680
-103361197
307015904
539988438
-2004519906
1785826822
-856798217
-1707496584
404114129
2054047632
-104125550
-1000645554
-1806731012
1725625207
-490944042
-1570168155
408279735
1996495534
-941497908
-1130504046
1466495479
-1475867287
374689521
-1136142693
1023486335
77316744
-1126038979
-995874055
362684633
518397911
-305583729
-2134149397
1614611771
1429159103
-224677960
1207160198
1181026723
-1866983487
-1571424061
-187036247
1898349210
1575038633
1342315289
-1662190885
-997444656
411144949
-2121671215
-2016891849
-233488334
-1997425370
-1710746806
1856085
-1592645757
-152522478
576998457
1464012918
-603911716
1204768560
-1314996945
1503743280
752580946
1467986338
165215280
-168084204
-488478195
-856869908
1075127846
796031235
580081917
-1536876126
-1288112438
-1484944393
-1744973300
1690767512
-1261705104
-1077444550
-814431725
593570916
-1735341779
1378350619
779681046
-128077681
-946462872
-227615199
1872662630
-536141516
-470413074
-757831927
415831568
-980389324
-1348142935
-1544339074
-308297467
-994738018
752081462
-2119975573
-313341869
1239087752
-1024678523
638865883
-1083710629
1763148925
-1048609662
-1622026430
-674612995
-994494254
-365282332
2037846943
381776023
569735398
1110706302
518136346
-642796930
536369265
-1076443402
-269849310
202758900
-1566794087
259011792
568326144
-1496268975
-808897070
1954170079
-387647459
1584361678
-1322319939
1499610181
1971632504
1450196736
-1662398916
-1535753269
-391826874
-1817762813
842397084
852474183
862915745
826059979
-2062810819
-223589532
-821208864
-1260357488
208051894
-1836501441
607407484
-392718871
1518371020
-2054570978
1519500663
1721335208
-1654141101
-1625137328
-627585255
-2041386013
936460070
845887056
-1925443107
1753714091
-571244917
18212104
434462766
-1300975153
191919468
1715548032
785428979
-1925834231
1715725337
-661659630
1707201571
-738739370
-673053892
106363281
-1543387323
-437024704
-1155325608
-1145800994
866167784
-1395138512
1507354983
-622023736
105118842
437386746
-1803862230
-2016671123
1654608371
1859758148
45069623
-631191966
-1678715153
1555605539
1523453479
128861840
-853215384
1300224867
339719601
358387033
175139274
118198974
1894820155
-1195098011
595313294
-1582123493
726010292
81356216
1134048482
943798910
-43400992
752155928
449177455
-1109703096
-1827145751
1233735500
-116380261
1833802882
1339320924
-1265661647
1788789756
-427533488
766133304
-624558197
-2145851460
262716451
493534210
938385182
-919769527
-1731608722
-1368694760
-454233007
-22311400
-1348791791
-1021969487
-1148782895
1167271283
-1030591996
-2085206088
1686102726
-1076023654
-2125342706
-816207909
-364785882
-816848870
187925418
-766771530
-1523135005
-782710668
3231607
-1191412938
-320472103
-580847237
-2144605162
-858730646
-454659931
1484559770
-1356828516
-1348763229
1889261468
1670525354
-56188434
571861665
1078896167
-156282939
-1011768840
-86658628
1558896452
-535821396
-1186075543
-1091758558
1181822694
-2073254463
-582118713
2112781961
1292662496
-253599772
1925636904
780690722
32550122
1939177197
137185891
229076259
545858042
-1104616661
-11966049
1225185412
-477726253
-1584956305
-278006624
-1383741499
-1038594638
-772036403
315319061
-1673797317
-342217138
-1392188147
-1343843043
28001725
238678413
-1474151023
-1181509959
-1444433205
-1702809016
-571597530
284676833
1404001113
-1445196653
2140019365
-1581280993
2108384899
-984340252
255417513
826870156
2070400732
-1416037626
1316193031
-1948920896
-2109300149
1495048450
1337578256
341269412
-955513106
622649589
-1399498133
-466898209
1979945066
566005134
-1631938108
371298170
-310940211
-804439653
89916085
-92792182
-2110123165
585146617
-1220082268
-1894313495
-565398448
976160550
425926371
1177812317
746813573
346266720
989209093
-1786123226
357417039
779798898
-1048956132
499065711
312948064
-164329775
-2010628359
1561142059
280639058
245956092
1832877720
964953218
1020102212
663475679
2028784830
1161976961
745194489
686051346
-666883291
658262623
-121845739
-365378040
733752020
-413533609
168855412
-1720956508
-2083258110
-286457130
1849646017
817704331
-1252048066
1969665421
1773973503
-1643909529
-1693350177
-1273204501
977280902
-1800186366
1417618992
-577940352
-725726028
-1440723889
689839291
-1617377164
529630180
-2122948860
119795491
-1631437154
305880104
-39658492
-1282551539
1666942550
803961887
-1823381715
1385881596
1660571636
405251632
625624467
-533509248
-1487092583
383115831
697334027
1260204780
249196669
-1309150568
1417831519
1601718156
556567252
109452042
332293627
-486303738
-1459457616
799193493
-1986646293
33116419
248358522
641329376
919143574
1126980082
-1320135394
1457195405
732865461
1527773686
1169626309
-1521898032
985075720
-1347301552
-752273493
234648123
1331714140
-1917691368
-683996794
-378281564
-165587605
623996963
1793908649
-2076206264
845138634
1668723176
-946238384
-1369201232
-903855683
80880144
568030534
-100081668
-583292810
-1332333689
281826484
-722946324
-1068393251
-1933137089
-1280652009
1094108715
1170872361
1993071939
1658485803
1900941201
1783808659
-2070987016
-149865964
2104100220
2041358072
-2000448379
-852081866
-623114998
-1922854344
487809722
123144498
1034329700
49783032
-1263643956
2094707514
-2123126675
851439206
-1935388072
-2070215079
1734463945
1033471258
-2139790411
-15856085
1658544594
1024190202
-847249486
-1580789106
293867911
614013530
-1191357327
-427129728
-144786274
-1066146749
-132390456
-1824695343
805484035
-1306799431
-448752429
-1413212560
-1113882297
2106167693
1437253814
1695227321
1022561642
1141149944
-722994600
-1233435675
-699364958
800471573
-1140976956
551126169
-1188366221
-596768142
-1033097468
1596932026
152416169
1960627900
947605575
1173308061
1670128777
2036602539
-1735254030
-1113420603
-1274653343
1118890755
-244091796
67123995
1380458876
-922093020
-526389191
-265568813
1927157470
120991696
1587084639
-549962966
1461274114
-1355369497
-1561636424
1336179837
-87714981
956952770
1977603869
1764264795
1687968902
-1476651794
910415565
745679806
-1820933673
-1417368784
13487611
-222780784
258929960
-376322574
1899456733
-361888855
-2020089356
171494844
195434743
-913305026
-327150158
1950278092
-1984693780
1927655111
1415145753
-771194821
1017388350
755911442
424642238
949401047
697252780
-16303390
-482647881
-272584417
-2123557873
414002622
-1428362616
-1540790106
765271317
-776232905
-371018169
1461566786
393919683
517241182
-1202228598
-995177245
630448485
-321856219
-1199278869
-1791178990
1780330080
1478577477
274495031
-179298149
45361857
-1072699770
355475133
1804786545
-456777490
-1567956738
1641186310
1411003818
1427130970
1237247513
179817026
-1654279285
-938640820
-873872507
1857257050
105418552
2008701712
171515285
-1564901232
-966088014
3362262
-1533201162
-802211440
1768699719
-382097722
-560784954
-1739406440
-374578206
-1052953706
-1743699464
154137723
517862367
-879752692
-232048984
518195835
171365350
-1584698104
-18623022
353804196
-321284659
-498302678
-1297816666
949650206
-620789082
773361939
-617847373
-2066122916
-942855449
1825087393
-1095562236
-225557784
-717357677
824010450
-2049681785
-375819793
1913716565
1105552410
-964347941
588960808
1910322881
-1802141922
-142338761
-1516396346
371689502
-112614996
-1389799671
586695676
-945021
-695654400
441037125
-126625954
1945596664
1271319625
-1139897333
-200114333
1075119533
1283423172
1575553798
-155168857
1846335962
-1267011391
605956634
1048325687
1116929546
510044813
667970633
1765236713
-1868849132
-1228544607
-601869476
-1763999384
1283431547
746963657
-1552274780
-511261350
1169916368
-192295432
1484496160
-235291009
-837117559
-2011908729
-1382006589
-1971171841
-371250837
1964634892
-333408092
-502625675
-333605889
180857689
4238199
989524116
-322908132
802543921
-274957020
113862703
1783170752
469679123
-1607949579
-2121065767
1345600117
804837082
1371883992
1148364201
409568442
1443886903
2021340930
1587961208
1467746919
2004169708
1280856411
707294870
2096320196
-1934237208
-1470341310
1388502896
-1698552691
199982340
-1353319088
-480959269
-530084785
29210523
63289895
-600707482
-1860193212
1126257106
-427942306
-1910109490
-863042322
-1933564982
1457198730
-854357763
1220440561
1931220809
-255202997
-41679883
-42058954
1189229850
-1688062137
1636385664
-99847227
246854028
-301227450
-904568387
-1706342921
1350169756
1865233953
-2024325777
1111383975
-1364466868
2072759369
-4391107
1477037158
72683525
836074641
-270903701
176744663
-1463711401
527237600
1642241886
911445863
-1102154876
-901971866
1567387034
-639576297
-1232459166
43033358
-532186694
-282987582
390202515
-166455761
2054984092
1178863946
-821172539
1592007986
1792198419
1160858772
985166369
-1725866653
-1928702832
-1189440010
-782811321
103044975
605060236
-1919868235
1505094781
1656368968
-282040774
636323422
246367164
1419144090
436817962
-637951583
-347866206
-1827054088
-434293891
-1142763741
-2101483819
384619579
1631841274
1554323159
-95844516
-254563984
-1750957746
1481098603
971735167
-1888406846
1185278260
-683053814
-595209370
1662229857
-1231634704
99124825
-1903318666
-1744695283
-640748571
229645051
67259626
1114478377
-1375096442
1668058636
-1200852378
-1607901091
1787856616
-1771791457
-506095511
-1265085599
-1944047616
-775881443
-1847954828
-940075279
-1524627873
1077812839
1653929366
-1262621224
-492900901
1080890121
44694399
1932400270
684778822
-2068133353
-695762097
781120902
402462080
-44725051
-1930095424
444153012
-7037013
751643500
1566773421
-395024891
-649977289
-1605943954
-2017222577
-379739055
-800085007
-1745392086
-1486124064
-1988173169
-1936031685
1991519405
870214903
-878399462
1810154621
-390734647
-1496824040
1141635069
114190902
-693989370
1990955951
-538447584
-1374117186
-2139404414
515385362
453860099
-1865508507
-2022576861
586084625
1465491678
236051990
-1478199993
-494502215
-1732193712
-1072446789
-592622950
-1352427859
1559476402
-1267426556
-1291819000
1384007455
2086745317
-2043574955
-1690272077
-567847558
-730931531
717022785
389291931
533999291
1820218119
252701429
-374881525
-1396427955
36707038
-1338271448
-151699133
-926721489
-1676827571
-2052799333
1304988728
-80412460
-1277062791
-2097568137
-2008960247
-1640356717
-2090529861
1947052139
-1350703787
104802019
1712367309
-568453215
-2017868723
-1955027244
170503852
-619344999
186022524
-1363929192
1497192705
-981956390
-1798097462
892880374
220403958
2059071414
1888445311
-811034922
1459463253
-1169911766
727179193
729577327
-690314644
225691978
-2048679785
191938837
756151204
-609574499
-1648724687
-425045
-47420091
1292752743
-2075886245
-1241710727
-1335792155
570230531
-1241594209
813170746
-501246536
660762374
481000247
1800831516
-2026596439
-1643916469
-1765377242
1249482476
-1556354326
-1601179088
-351055590
725139126
959545014
1602335446
447693867
1985564428
